148141254
646817389
719771533
739615223
505421851
350318609
558207114
884296101
167888565
281547917
243870940
818245675
297064655
839949991
323126291
481345634
548702950
871357810
146606370
502676839
576217167
468385532
169806895
736332073
16860349
718628471
184051395
689614228
25733185
111883996
880810741
1196474
986741989
333259686
152359289
513081068
62337073
766478787
412207820
696041267
955328086
541473733
528430463
139665096
59156846
845076980
9727065
434551581
856752384
896029159
399932056
383754628
926219861
372648174
653927286
31046336
393335901
101954075
55105997
167537144
23288341
535026729
291412199
328326934
303369715
174718712
732857006
805175547
355692043
464693020
880339181
261386545
116948190
756350482
433305107
685658040
94254893
893792289
493044443
923375638
90226110
140580170
252012035
525998074
375641284
118698980
336714876
124926642
372637545
171423290
875490378
306362306
780112889
674511504
566851855
85558785
581879988
990503273
620684331
522082613
809403754
50575475
875265449
86251738
737870032
972597051
506760501
907679613
258914485
251675686
339023822
491946135
511974991
346331281
940498026
589482485
33033963
894119878
44871320
320916792
223251683
255916085
640183004
995938808
67089428
367379436
573606103
899728916
408224792
171189028
462891580
467915772
182059011
421306843
340198714
988675788
897551077
745089905
969414941
470843559
691062873
2592724
199833170
52198342
472680792
463336336
670292715
979516787
81777566
459042607
529076496
235860576
104867283
600266712
297552647
421861198
866354307
687082735
314181234
363458380
535327450
183573868
18810662
558154625
901327182
672679574
330734163
195124530
643000646
808062203
356490167
176053978
572873123
405339350
138739249
918569758
981861169
708560826
682421991
88170713
1425406
289498975
457288850
669684411
678766588
217404465
692872145
494778502
408836015
434268722
645408818
402527515
330267946
906599809
359533160
242691423
432795400
431418315
298574746
607486739
683465946
356412205
645278591
180319579
547865876
75311803
355485364
114114767
443325379
644243417
435479588
497221656
580258907
240758915
70820900
501053032
820014013
49350988
158970579
485260143
166935585
621598126
710591604
306306622
557833277
290289019
723405948
242626094
193413282
963803952
111350993
723795112
908546303
241164242
250038424
942624845
725251937
731350384
350761816
593524265
728692120
456756676
731726312
361039950
274705586
214479150
423800414
876944520
339060946
947618772
172235071
116126752
263158430
565379838
807644835
530891987
261430776
322169583
837832976
984248713
159590071
591673721
608968441
687947128
273199492
576676719
940780770
957538125
63664065
683106754
308316041
718941566
500899397
76906675
758147153
27127410
848739454
547266850
240579164
725596291
614242197
586317588
573253937
801955152
540827926
420085859
190386200
820571184
334622011
658296484
177008301
409637322
359736940
950315821
890273456
629630667
851773816
363498885
875493941
63014501
266149561
849203654
881774003
913133841
14388378
58575325
186545036
841010879
509953887
880874583
534468516
614770859
169621560
554286062
865526808
653852796
663382152
459871676
125287944
143476439
686807607
740201680
739875849
642384633
441791211
294691666
928926343
435419743
56055310
382243677
936878851
166376890
227105274
656026549
33242821
640531171
67855686
852396659
659955680
282618113
193742103
816556296
420906259
455711153
657872604
648524650
261721849
938888855
219073464
174821510
310712525
401835726
818527321
73829165
572421162
243111640
177039159
221641468
779399300
620828425
166478269
668158935
957635632
20772255
301157703
566883690
787150059
838115102
188859392
661647305
783487288
341988671
419040519
661601538
28173105
16981544
902931829
932656052
845172684
443030930
723593503
828047079
990697740
911352489
413735651
511462565
784988521
596901656
598972557
110428760
525304181
724991553
158632682
684044671
551200632
917633028
474380189
175233138
920519509
518030867
592243507
532954462
346475195
670735450
991722163
665504647
602937915
687341753
998806797
609192264
425503681
10054657
721680271
676457236
973061026
932892552
546315254
394528434
253064350
502566375
911080945
811870213
590636908
124588571
968333089
654822096
24848105
301620504
211597875
965430819
378877429
225503374
190090091
926460244
470719991
15676618
460551251
804920896
890353774
428908568
168413555
993461653
792779084
641363512
943948728
784821994
95859318
382392076
922782909
88386637
151488520
65567668
20048261
37350441
15732018
975143020
127057664
771414604
634617087
837386508
227425716
174663494
848469459
673517294
305068949
815249010
86339764
587458002
186388622
228533528
197048987
251507921
179679281
170025785
619929338
330976401
241926559
823935358
18029882
337324485
947941528
345400148
899906748
969760751
94943191
88095785
983655505
559275264
857027816
476081221
88717834
204429491
504754968
549253594
569942349
180463646
625729992
725522446
805491559
639884356
390366966
717164638
237863321
854826034
932252372
774654845
161195972
466367507
560970366
503416354
92834900
250882284
601414563
276481825
82818240
720062961
521060654
132996942
15546029
929290700
531748532
487334191
530693416
490362100
471904652
835677695
22613652
319055956
741116092
530094259
749847210
310659228
813706946
827891695
849335200
306776121
664023812
190057860
335697551
506914365
839401867
865770885
202019423
937778411
586195735
186964547
77575333
681688529
796865909
575888059
577378249
104629280
827453004
977925799
385594173
656118405
239125032
356575245
926591536
493947057
966508741
850268122
433310454
133481687
383810551
316739075
615161265
752604808
824847116
210357523
685053483
264752061
707442612
6889825
835051605
50349007
222497332
331060242
393342791
314824768
510833751
232024074
288278656
430466288
272473558
639567169
994578424
714288408
338898560
686631095
865071919
60208645
470292210
826851142
620008255
420998590
697575201
895897167
147305833
489580515
575797268
556317833
47250874
189219107
531778939
762567875
188902309
853327797
121493845
824046529
237824641
39816610
321706959
943541383
243197968
263741502
656186188
312961119
942975114
33012714
318337054
248910025
521622628
310421130
349355428
157005830
526114091
14825178
311246658
475631419
728595210
311287669
785658527
480531870
23184808
995837699
656870949
274767807
971528633
588443815
366853329
200470180
1704043
777090983
349950935
303344181
639689908
577400931
467424690
504940551
587432812
764698731
543246096
663242349
805333439
620553973
627409277
14973127
726003162
633684446
869874016
481451359
789412999
47295213
436276973
199617040
914220001
217693186
904342315
286862664
765650438
298022696
195399939
403911368
616828097
549938362
711449317
207262187
793001167
579525198
407341462
499705374
794844042
233169281
782338368
518410086
486140172
868829850
981355289
797167545
718067190
312373616
744939393
367914605
572674364
231505687
710007382
258240724
84451329
397412123
610813882
876562190
939198010
665197942
421597502
723217024
830947365
325970693
575625410
830490788
519187796
813270032
197973847
199068507
416923747
68895602
682873690
517868912
585125325
770878225
189330129
137285086
25428368
356857463
386061189
692862257
426789069
632854994
944674590
872088910
615378460
963050729
200458748
130182614
833941576
696619255
612107666
492809994
263609804
184764593
214003029
791077932
452146676
966211574
290916411
659132454
926010099
46114867
643072359
611498221
43230588
301976505
642885532
736965010
184791603
622138078
457874382
327280109
572184523
141658256
17164578
521245085
610208442
175637695
698787933
715944565
699576324
518806205
692653818
180223317
44566305
682308293
416000854
929816098
658497511
288819922
74042960
826620584
992199514
84040314
599131146
317886010
548580324
431898661
314586672
365084027
571459173
956622844
441421854
698192066
870708388
899313650
845194569
778013596
694811245
856950741
944128947
553791059
293277485
713142924
690241370
23279243
402406025
450261571
565779174
944615012
686425095
699733820
109318151
435560922
848128272
401482147
938753427
439048999
886412010
611116413
838815372
515059363
6020070
949604465
436985271
121467701
931397276
844395852
148660281
958442045
548666119
588241922
765330693
999539290
893398713
93668984
172858843
816874211
233775011
756329863
583670654
48576968
816157547
171302780
814298030
337151844
131121261
774969323
160060168
746338438
277489482
994325806
911254587
103446134
965611524
648113621
893807791
263274352
960469194
215461244
223751154
8304397
596581018
346302663
601646174
283288800
318174509
670908636
391361335
789986546
602221741
556297933
859047585
339046023
730608180
79183346
24740812
606724717
511583820
196618797
58717677
333858513
312781370
461083014
336820383
86918878
363504817
338922706
416037263
967366649
678956508
889533708
107164629
319755914
984611587
739397917
961526686
561138033
379923014
755755976
700413759
365348189
917412647
819023675
760235432
577675287
722673130
866909085
842682059
476261035
14805275
602952979
661263934
239065944
263858074
230690250
413463153
262242780
600405476
598475593
127037930
879785231
429243481
42847580
945295968
700656911
432769096
638705751
87467622
710199641
717154271
544127441
210681933
637203072
308880164
581786957
312919244
266194602
422881271
603799106
519872314
184248818
563233741
474657559
457847987
567577679
47073153
946649215
354735599
845893691
451046124
420399040
254217065
891230389
401307924
712389393
729359018
381390894
933974671
337373679
124397726
494472551
574355061
327365198
262609495
331991582
751503163
668521057
282067176
370137638
45799009
957098787
73376669
473809528
552128394
702822196
207544381
288578710
144235463
258321319
565622480
109341115
260966651
952723640
114461625
639059426
334364122
264708478
242916345
438437957
54991232
331438892
265028951
697957822
834539111
116704702
136910625
103196242
525698573
368863763
296065826
323380437
64013066
521239330
